-38 -88
-32 -12
-35 23
-33 42
-93 -22
67 -61
82 -13
-53 69
76 23
48 -46
75 9
-90 53
-46 26
-39 54
21 0
-64 59
-39 16
-65 73
-93 -17
48 -1
8 -16
24 -6
21 -57
-10 -86
-69 -90
89 75
-8 -6
-19 -58
-64 19
-93 19
-29 -66
-31 -32
-40 2
-83 -70
-9 -50
-28 -84
84 -36
-11 60
-2 45
86 -13
26 25
83 35
10 -31
95 -8
23 66
-74 11
5 77
-100 -54
-9 43
-24 -100
-98 63
-26 -42
82 13
-70 -47
-95 -1
-82 75
44 27
-58 -67
50 -16
-1 96
-60 100
72 -100
60 -28
74 -85
-81 73
-22 14
-19 -88
-26 74
-35 -77
56 -34
-79 -62
65 -38
-52 -86
0 27
91 60
-28 27
81 38
22 14
33 71
-80 52
-92 12
-88 3
-74 36
48 -19
-48 15
57 4
-79 43
50 -25
23 25
-45 82
0 -34
7 -68
70 -54
88 85
-94 -30
-3 50
45 72
-86 -43
64 -6
2 -35
